"","Year","offshore dolphins","coastal dolphins","seabirds","pelagic sharks","large demersal sharks","small sharks and rays","pelagic piscivores","king mackerel juv","king mackerel adult","Spanish mackerel juv","Spanish mackerel adult","cobia","greater amberjack","red snapper 0","red snapper 1-2","red snapper 3+","vermilion snapper","grey snapper","other snapper","gag 0","gag 1","gag 2","gag 3","gag 4","gag 5+","red grouper 0","red grouper 1","red grouper 2","red grouper 3","red grouper 4","red grouper 5+","black grouper","yellowedge grouper","scamp","goliath grouper","other SWG","other DWG","blueline tilefish","golden tilefish","lionfish juv","lionfish adult","gray triggerfish","red porgy","hogfish","black sea bass","reef carnivores","reef crustacean eaters","reef invertivores","medium reef omnivores","small reef omnivores","reef planktivores","coastal piscivores","offshore demersal carnivores","nearshore demersal carnivores","demersal omnivores","sardine herring scad","nearshore small pelagics","offshore small pelagics","mullet","squid","shrimp","large crabs","stomatopods","echinoderms","gastropods","bivalves","sessile epibenthos","mobile epifauna","small infauna","meiobenthos","carnivorous zooplankton","herbivorous zooplankton","omnivorous zooplankton","ichthyoplankton","jellyfish","microbes","anthozoans","macroalgae","microphytobenthos","phytoplankton","seagrass","water column detritus","sediment detritus"
"1",1,0.01491178,0.01701001,0.004749528,0.08566359,0.1001701,0.2429573,0.1784179,0.0006810444,0.1403637,0.002798143,0.07783306,0.009464854,0.06010337,0.0002908605,0.001000634,0.009209435,0.04124482,0.01362505,0.1465635,0.0003818005,0.003126002,0.006269666,0.007994666,0.00674002,0.01095461,0.0004230962,0.004771131,0.01360034,0.0189299,0.01916452,0.03162761,0.01602574,0.00861637,0.00726915,0.001664298,0.01279108,0.01938382,0.004677275,0.006545768,1.504751e-05,0.0002381408,0.02996185,0.02954322,0.01700781,0.030484,1.846776,1.04076,0.6685927,0.3860194,1.335783,0.3308806,0.363856,0.3291231,1.147785,3.504398,2.051096,1.744404,0.4649395,0.3077396,0.6133243,0.8293901,9.069858,1.051054,1.921267,3.163613,12.72855,20.04738,14.2402,3.962715,27.06261,1.862578,6.007287,4.359246,0.2390916,4.941831,8.867741,0.2260159,28.20674,14.6706,9.116174,124.4012,93.62025,251.2365
"2",2,0.01398555,0.01679839,0.004455916,0.08274192,0.09199577,0.2359162,0.15464,0.0006505643,0.1135423,0.002838937,0.07606971,0.008585854,0.07490153,0.0002718837,0.001028932,0.006774617,0.03900922,0.01177616,0.1286627,0.0003811247,0.003341733,0.007365986,0.007405214,0.00583125,0.009600558,0.0003638699,0.004369222,0.01370685,0.02089815,0.02011015,0.02879706,0.01344407,0.005493292,0.006458078,0.001646405,0.01333747,0.01574412,0.003609639,0.006722537,1.3052e-05,0.0001933489,0.03238341,0.02374618,0.0219843,0.02763915,2.095474,0.9925733,0.5951006,0.3633831,1.89006,0.3424777,0.3324535,0.2519639,1.072551,3.513709,2.043369,1.619001,0.4506618,0.2573941,0.643791,0.8929753,8.617402,0.7179887,1.956987,3.332487,13.40039,19.01366,14.19344,3.922925,24.71794,1.754584,6.06694,4.380081,0.2431552,4.623405,8.730651,0.2075778,29.11113,15.57661,9.344157,126.5847,91.30923,262.9238
"3",3,0.01311021,0.01659507,0.004194088,0.08008133,0.08531141,0.2313571,0.1380868,0.0006326128,0.1103604,0.002772206,0.07757411,0.007908978,0.09009417,0.0002638967,0.001051117,0.005260896,0.0379479,0.0108762,0.1177152,0.0003985384,0.003491508,0.007286308,0.007550983,0.004370709,0.008138438,0.0003267315,0.004099556,0.01283541,0.02106442,0.02053837,0.02461807,0.0116268,0.003555679,0.005916593,0.001526254,0.0142603,0.01291873,0.002806759,0.007095258,1.308077e-05,0.0001890968,0.03503306,0.02020732,0.02522758,0.02546661,2.219415,0.959389,0.5641155,0.3486376,2.285176,0.3579492,0.3210331,0.2239411,1.071099,3.612143,2.041203,1.515567,0.4559736,0.2222428,0.6814491,0.9583592,8.195377,0.5507168,2.053385,3.605805,13.83424,18.53272,14.71296,3.990473,24.57569,1.79592,6.17971,4.465943,0.252132,4.437676,9.383599,0.2002056,28.97364,15.78014,9.467731,127.1307,93.65875,261.6427
"4",4,0.01229927,0.01641568,0.003974745,0.07797588,0.07995643,0.2281547,0.1273278,0.0006140638,0.1089474,0.002750168,0.0790235,0.007246575,0.1048288,0.0002645691,0.001038584,0.004323571,0.03755777,0.01036801,0.111017,0.0004197763,0.003639936,0.006741717,0.006657076,0.004135021,0.00657342,0.0002852336,0.003938684,0.01212358,0.01945877,0.0203709,0.0207881,0.01031301,0.002493601,0.005576541,0.001399723,0.0153762,0.01077797,0.002231815,0.007642521,1.367041e-05,0.0001948752,0.03734985,0.01800666,0.02725828,0.02362808,2.274372,0.9402797,0.5552159,0.3382238,2.579917,0.3716578,0.3117242,0.2172205,1.086809,3.666229,2.055662,1.441769,0.4677693,0.1970939,0.7221301,1.006872,7.969302,0.4766723,2.159194,3.860156,14.25615,18.36916,15.0862,3.997208,25.30893,1.809942,6.316259,4.576416,0.2626596,4.706938,9.129182,0.1978571,29.09928,16.00773,9.640479,128.1401,95.04751,264.2286
"5",5,0.01155437,0.01625825,0.003792541,0.07622942,0.07619089,0.2266681,0.120675,0.0005985567,0.1048572,0.002771822,0.08130853,0.006650356,0.1172488,0.0002642344,0.001033038,0.003680103,0.03761862,0.01009061,0.1070411,0.0004423896,0.003712334,0.006156657,0.005513681,0.003423647,0.005761218,0.0002531603,0.003670922,0.01162191,0.01802884,0.01883865,0.0187933,0.009446845,0.001997995,0.005390832,0.001307711,0.01653123,0.009201235,0.001833813,0.00834329,1.448482e-05,0.0002035241,0.03941973,0.01665184,0.02848818,0.02211661,2.296249,0.9322145,0.5549543,0.3311808,2.795485,0.3845561,0.3060347,0.2225489,1.11417,3.715624,2.060919,1.386198,0.4829494,0.1803548,0.7600209,1.053826,7.950458,0.4393732,2.258161,4.058069,14.49087,18.31789,15.31901,4.05442,25.20059,1.828855,6.413391,4.669467,0.2685407,4.751712,9.15495,0.1979264,29.31171,16.45585,9.823002,128.6436,95.37119,271.0337
"6",6,0.01087476,0.01612881,0.003644896,0.07519933,0.07384697,0.2270262,0.1178619,0.0005887576,0.1042624,0.002807677,0.08506695,0.006353704,0.129942,0.0002627367,0.001029733,0.003331246,0.03806302,0.01001582,0.1051757,0.0004554924,0.003966674,0.006020322,0.0048342,0.002896254,0.005239127,0.0002402496,0.003557484,0.01086395,0.01707598,0.01786454,0.01811698,0.008984888,0.001801029,0.005331723,0.001350673,0.01765942,0.008061277,0.001560646,0.009150513,1.502288e-05,0.0002100822,0.04152773,0.01590081,0.02943497,0.0210842,2.304992,0.9323711,0.559834,0.327215,2.941566,0.3969997,0.3065248,0.2365148,1.149165,3.751583,2.064928,1.33211,0.5014684,0.1700203,0.7947637,1.10525,7.908443,0.4257391,2.341813,4.211792,14.63037,18.36783,15.64796,4.108903,24.88886,1.875228,6.506774,4.762447,0.2753008,4.617514,9.271709,0.1996818,29.27277,16.62576,9.910922,128.5939,96.33529,274.0776
"7",7,0.01025723,0.01603254,0.003526646,0.07420821,0.07147231,0.2280782,0.1178175,0.0005806644,0.1039106,0.002737403,0.09235535,0.006213057,0.14511,0.0002621402,0.001033661,0.003004646,0.03853128,0.009924269,0.103861,0.000459051,0.004098795,0.006320279,0.004635199,0.002525051,0.00486895,0.0002419483,0.003520325,0.01045667,0.01576503,0.01713222,0.01778945,0.008704358,0.00176458,0.005339264,0.001343827,0.01870523,0.007240721,0.001373841,0.0100064,1.558532e-05,0.0002214178,0.0433129,0.01552903,0.03023283,0.02041489,2.298441,0.9353151,0.5612524,0.3245586,3.031848,0.4027714,0.3103469,0.2524424,1.17807,3.758337,2.062807,1.283367,0.5160832,0.1685079,0.8205566,1.136002,7.792928,0.4224268,2.405373,4.324722,14.76891,18.46128,15.87866,4.120832,25.12639,1.910462,6.588615,4.827378,0.2811323,4.668491,9.462826,0.2022147,29.463,16.81361,10.06114,129.2226,97.65948,274.7181
"8",8,0.009695054,0.01595923,0.003431747,0.07410631,0.0694923,0.2294073,0.1204162,0.0005748721,0.1073855,0.002713687,0.09876391,0.006184939,0.1621792,0.0002609291,0.001032811,0.002843678,0.03928424,0.009950137,0.1036949,0.0004586329,0.004217573,0.006806286,0.004979331,0.002463076,0.004675664,0.0002448293,0.003577693,0.01038443,0.015115,0.01587575,0.01766553,0.008614718,0.001787743,0.005395633,0.00143909,0.01963578,0.006633625,0.001240724,0.01079988,1.628939e-05,0.0002305987,0.04472592,0.0153967,0.03087566,0.02001041,2.288607,0.9415724,0.5634903,0.3239074,3.114111,0.4079272,0.3140101,0.2672486,1.198685,3.759471,2.067663,1.248818,0.5294084,0.1693576,0.8416076,1.163184,7.743853,0.4262596,2.466245,4.437158,14.93475,18.63478,16.18455,4.161306,25.72848,1.955429,6.690296,4.916018,0.2878675,4.832375,9.460896,0.2053495,29.74941,16.8933,10.19199,129.7328,98.8682,277.5099
"9",9,0.009182675,0.01589962,0.003353674,0.07391333,0.06755135,0.230883,0.122271,0.0005698078,0.1040039,0.002649084,0.1018504,0.006145868,0.1791943,0.0002643421,0.001015479,0.002606728,0.04000043,0.009948951,0.1038865,0.0004580251,0.004232815,0.007255707,0.005415149,0.002555965,0.004517902,0.0002464841,0.003609885,0.01054741,0.01498785,0.01511896,0.01636412,0.008563836,0.001804241,0.005446058,0.001411748,0.02045249,0.006170408,0.001140626,0.0114404,1.676079e-05,0.0002361006,0.04570769,0.01542789,0.03140631,0.01978266,2.274958,0.9494793,0.5640458,0.3238619,3.182808,0.4086207,0.3120891,0.2814703,1.2106,3.764876,2.06638,1.222382,0.5410353,0.1642098,0.8580033,1.187762,7.75996,0.4357065,2.520753,4.517763,15.13035,18.8102,16.37984,4.191682,25.38609,1.994875,6.80463,5.014855,0.2934756,4.778748,9.419766,0.2088598,30.26887,17.25279,10.38038,129.7531,99.45171,282.2425
"10",10,0.008716195,0.01584812,0.003286001,0.07294162,0.06528666,0.2319072,0.1223318,0.0005480956,0.09944969,0.002570806,0.100363,0.006005469,0.1919017,0.000260401,0.001016735,0.002360154,0.0405952,0.009945697,0.1041912,0.0004514389,0.004286626,0.007480778,0.005816524,0.002698838,0.004409781,0.000233837,0.003570202,0.01059527,0.01512904,0.01477016,0.01462412,0.008465966,0.001801394,0.005475201,0.001382165,0.02114093,0.005809256,0.001064402,0.01190855,1.746082e-05,0.0002467955,0.04617795,0.01555997,0.03172894,0.0196528,2.253863,0.9576576,0.5670674,0.3241185,3.217183,0.4115998,0.3042792,0.2969253,1.216085,3.810002,2.069216,1.198038,0.5553418,0.1572264,0.8773844,1.199552,7.633166,0.4497263,2.570095,4.612037,15.30382,18.98883,16.68677,4.24862,25.41603,2.046016,6.861513,5.079982,0.2978671,4.707198,9.70089,0.212872,30.48155,17.36493,10.43292,130.1198,100.637,284.6692
"11",11,0.008291135,0.01580623,0.003230188,0.07347418,0.06575359,0.2332569,0.1235109,0.0005541808,0.1046172,0.002683535,0.1022582,0.005894972,0.1992257,0.0002640695,0.001017324,0.002263596,0.04165522,0.01006409,0.1054963,0.0004561104,0.004205118,0.007545654,0.005848398,0.002795128,0.004521859,0.0002207024,0.003456319,0.01056966,0.01523861,0.0148884,0.01401451,0.008541798,0.001827343,0.005550965,0.001524383,0.02174772,0.005535706,0.001008792,0.01233805,1.809915e-05,0.000254402,0.04640297,0.01572713,0.03182428,0.01956598,2.237313,0.9679237,0.5714624,0.3259445,3.266114,0.4180031,0.3068886,0.3092212,1.236737,3.833953,2.076953,1.18251,0.5658141,0.1642322,0.896351,1.227379,7.77811,0.468388,2.6134,4.697577,15.49687,19.22314,16.91087,4.262736,26.14235,2.092953,6.972599,5.159088,0.303923,4.891965,9.803063,0.2174761,31.03347,17.61214,10.64626,130.5402,102.4465,285.4699
"12",12,0.00790253,0.01578448,0.003194897,0.07496835,0.06766353,0.2364208,0.1237555,0.0005600658,0.1087112,0.002786637,0.1079404,0.005878413,0.2020357,0.0002617906,0.001011487,0.002205327,0.04310954,0.01028093,0.1077478,0.0004546622,0.004240331,0.007414103,0.005823338,0.002753739,0.004678593,0.0002187354,0.0034075,0.01030064,0.01526351,0.01530918,0.01458175,0.00875996,0.001915323,0.005667766,0.001661097,0.02232203,0.005343404,0.0009706693,0.01284024,1.910881e-05,0.0002663566,0.04697265,0.01598418,0.03211333,0.01960684,2.251477,0.9892245,0.5780867,0.329511,3.319006,0.4263892,0.320217,0.3207771,1.265075,3.8385,2.096349,1.170977,0.578168,0.1864044,0.916783,1.260862,8.117257,0.4833092,2.66453,4.767107,15.62817,19.46954,17.08178,4.318261,26.16047,2.139352,7.062705,5.253699,0.3084704,4.899831,9.710195,0.2221261,31.27724,17.72567,10.71665,130.6366,102.8827,290.8593
"13",13,0.007547638,0.01578405,0.003175209,0.07669374,0.06822615,0.239562,0.126369,0.000551499,0.1112005,0.002712133,0.1124913,0.005969068,0.2113491,0.0002573902,0.001005738,0.002203827,0.04464532,0.01039727,0.1094877,0.000454542,0.004268773,0.007596973,0.005910468,0.002884266,0.004844178,0.0002245982,0.003452788,0.01004822,0.01472525,0.01523717,0.01473199,0.008964989,0.001995388,0.005802376,0.001835783,0.02284878,0.005214427,0.0009436451,0.01332084,1.960353e-05,0.0002723212,0.0475611,0.01635053,0.0327338,0.01982611,2.270025,1.009856,0.5793067,0.3316162,3.341477,0.431965,0.3276212,0.3316632,1.273514,3.841714,2.101266,1.15423,0.5874357,0.2138585,0.9319353,1.259606,8.205161,0.4931557,2.711613,4.810009,15.73896,19.69963,17.19058,4.331783,25.8159,2.192335,7.120467,5.311073,0.3114291,4.756529,9.917106,0.2272764,31.63745,17.95044,10.78815,130.8369,103.7491,292.069
"14",14,0.007222097,0.01579954,0.003161823,0.07882396,0.06905633,0.2424971,0.1328513,0.0005566693,0.1149825,0.002733629,0.1175809,0.006166359,0.2300399,0.0002556168,0.0009992841,0.002280368,0.04629527,0.01042945,0.1109954,0.0004523162,0.004318387,0.008017502,0.006352505,0.003087012,0.005121662,0.0002272262,0.003521572,0.01019122,0.01435447,0.01471943,0.01518867,0.009182063,0.002060263,0.00594707,0.002146124,0.02331458,0.005132234,0.0009245002,0.01373743,1.980771e-05,0.0002752585,0.04805915,0.0167935,0.03360032,0.02023596,2.27925,1.027,0.5785536,0.3335317,3.371973,0.4337165,0.3311896,0.3389635,1.278855,3.849971,2.104722,1.140322,0.5886333,0.2469471,0.9432864,1.276191,8.223746,0.5064853,2.766042,4.902472,15.83504,19.96799,17.37653,4.348774,26.4368,2.242744,7.204046,5.377227,0.3164494,4.89822,10.11635,0.2330041,32.1328,18.11557,10.99964,131.2794,105.4861,292.5177
"15",15,0.00692232,0.01583266,0.003156102,0.08107241,0.07144878,0.2461823,0.1402705,0.0005574886,0.1175199,0.002719158,0.1240913,0.006223589,0.2482746,0.0002536743,0.0009913846,0.002292398,0.04807613,0.01043432,0.1125309,0.0004534245,0.004310938,0.008139993,0.006657093,0.003239556,0.005377604,0.0002343097,0.003523079,0.01042012,0.01461427,0.01453361,0.01553894,0.009375901,0.00218067,0.006088587,0.002290873,0.02372715,0.005082193,0.0009172359,0.0142285,2.033715e-05,0.0002801626,0.04842737,0.01731227,0.03424377,0.02058101,2.286396,1.044578,0.5761569,0.3362653,3.420477,0.4334947,0.335634,0.3492495,1.29136,3.849821,2.107812,1.136175,0.5922807,0.2904693,0.9538503,1.3127,8.240059,0.5237291,2.82713,4.976319,16.0043,20.28241,17.66146,4.390325,26.71877,2.310736,7.233428,5.441231,0.3204212,4.993449,10.11528,0.2393627,32.40826,18.33362,10.98641,131.4405,106.2194,295.7455
"16",16,0.006647078,0.01588593,0.003159588,0.08322726,0.07475703,0.2499527,0.1480463,0.0005576583,0.1201802,0.002718156,0.1309774,0.006152335,0.2622681,0.0002508128,0.0009823194,0.002280562,0.04996074,0.01048576,0.114127,0.0004533702,0.00428171,0.008169384,0.006629293,0.003275085,0.005542503,0.000237977,0.003575883,0.0103838,0.01488952,0.01488032,0.01568598,0.009515273,0.002329254,0.006214151,0.002228977,0.02408924,0.005050769,0.0009198815,0.01473517,2.101669e-05,0.0002906602,0.04847424,0.01780594,0.03443207,0.02078696,2.28432,1.059416,0.5735788,0.3384257,3.451205,0.4294087,0.3415018,0.3571529,1.301852,3.858625,2.102768,1.133138,0.5875728,0.3447992,0.9609411,1.339043,8.242805,0.5455523,2.881819,5.038829,16.03742,20.52925,17.62427,4.364332,26.31091,2.34475,7.240063,5.45244,0.3205373,4.908523,10.19365,0.2457654,33.33966,18.56457,11.27805,131.6768,106.753,295.5899
"17",17,0.006392303,0.01596439,0.003172277,0.08535683,0.07722948,0.2538664,0.1559605,0.0005595835,0.1238902,0.002732988,0.1371451,0.005985064,0.2692128,0.0002499268,0.000977506,0.002222205,0.05202213,0.01052944,0.1157432,0.0004515328,0.00424822,0.007967506,0.006501565,0.00312055,0.005584088,0.0002412915,0.00359376,0.01054431,0.01482301,0.01499754,0.0154789,0.009608574,0.002434284,0.00631442,0.002106287,0.02440674,0.005018539,0.0009255501,0.01513988,2.193048e-05,0.000300585,0.04820805,0.01835351,0.03434875,0.02090543,2.279088,1.074894,0.5748152,0.3416996,3.475535,0.4282945,0.3466222,0.3663143,1.313062,3.879883,2.109115,1.131216,0.5918037,0.4165198,0.9712176,1.384657,8.300341,0.5724783,2.952013,5.120389,16.34955,20.87088,18.11348,4.452425,26.80662,2.428074,7.465456,5.655022,0.3322733,4.957808,10.40854,0.2526701,33.9913,18.83675,11.42448,132.1581,109.0626,302.2982
"18",18,0.006161443,0.01608232,0.003197329,0.08787897,0.07938088,0.2584349,0.1654018,0.0005616203,0.1277232,0.002772967,0.1430054,0.00588622,0.2712266,0.0002502704,0.0009702321,0.00218649,0.05420279,0.0106351,0.1178169,0.000439521,0.004138988,0.007684993,0.006179221,0.003015151,0.005549981,0.0002391579,0.003627519,0.01065396,0.01512861,0.01502414,0.01548632,0.009745644,0.002525399,0.00641499,0.002070227,0.02471082,0.005006033,0.0009379379,0.01553736,2.293916e-05,0.0003148116,0.04789478,0.01894354,0.03438902,0.02104955,2.290804,1.095583,0.5803534,0.3462581,3.526911,0.4285382,0.3524751,0.3790641,1.329623,3.903642,2.1238,1.133123,0.6007111,0.5097885,0.9818916,1.422184,8.441201,0.601052,3.023613,5.199383,16.51739,21.24058,18.4527,4.507095,27.29506,2.507551,7.761206,5.832813,0.342302,5.075932,10.57456,0.2595513,34.73899,19.36251,11.82592,132.16,111.5037,307.0186
"19",19,0.005957691,0.01625133,0.003242565,0.09095416,0.0819895,0.2638226,0.1736802,0.0005683725,0.1405096,0.002889147,0.1505254,0.005966427,0.2811633,0.0002442123,0.0009750789,0.002211602,0.0573279,0.01060205,0.1181103,0.0004352851,0.003985608,0.006855598,0.005429486,0.002617652,0.005380786,0.0002407823,0.00362314,0.01076613,0.01533738,0.0153758,0.01556291,0.009929537,0.002644842,0.006556363,0.002138179,0.02504678,0.005038775,0.0009605041,0.01607259,2.674543e-05,0.0003549427,0.04835796,0.01987612,0.0346278,0.02152541,2.319181,1.129615,0.5984273,0.3517809,3.540309,0.4480512,0.3599226,0.4050919,1.367563,4.212302,2.19927,1.153221,0.6431511,0.6320825,1.032413,1.52269,8.775512,0.635666,3.171551,5.559097,19.05873,22.38799,20.75984,5.063907,29.50535,2.765471,9.333365,7.047486,0.4047799,5.546429,11.19377,0.276971,37.33161,23.5013,13.90417,139.4698,124.7376,357.0014
"20",20,0.005812906,0.01652564,0.003330474,0.09422676,0.08479867,0.2741395,0.1819737,0.0005816048,0.1523244,0.003042645,0.1611138,0.005840582,0.2863925,0.0002371586,0.0009437973,0.002154534,0.06124176,0.01092921,0.1238869,0.0004519366,0.004179535,0.007214524,0.00533727,0.002549405,0.005582326,0.000237887,0.003656887,0.01070129,0.01539223,0.01548229,0.01502444,0.01019378,0.002918662,0.006787858,0.002028961,0.0256132,0.005212532,0.001019873,0.01740137,3.318255e-05,0.0004395798,0.04859035,0.02147983,0.03576802,0.02211783,2.370292,1.189203,0.6240543,0.3651382,3.61654,0.470094,0.3643353,0.4757309,1.455752,4.288149,2.185588,1.156066,0.7190151,0.7470281,1.045395,1.501059,9.035816,0.6597158,3.284752,5.58041,17.61745,22.60782,20.82073,5.05123,28.99018,2.940751,8.529641,6.582192,0.3716224,4.712729,9.93916,0.2737941,29.74875,22.64341,12.59209,127.4909,113.2879,355.472
"21",21,0.005716166,0.01683167,0.003420462,0.0969416,0.08752619,0.2822296,0.1887082,0.0005705374,0.1533279,0.002955782,0.1681541,0.005742122,0.2895059,0.0002413746,0.0009325726,0.002088661,0.06458132,0.01086909,0.1254064,0.0003406873,0.002436199,0.003935574,0.002900548,0.001448087,0.005059095,0.0002390026,0.0036385,0.01073207,0.01524137,0.01565895,0.015301,0.01034608,0.003272636,0.006993847,0.001971445,0.0258289,0.005429612,0.001096733,0.01914637,3.650284e-05,0.0005013954,0.04864912,0.02241556,0.03514006,0.0220379,2.377162,1.190662,0.6326843,0.3658639,3.586843,0.476265,0.3638305,0.5115881,1.492024,4.483885,2.295215,1.094716,0.7502198,0.8766572,1.102238,1.463648,8.886866,0.6480008,3.32394,5.814134,19.90863,23.73633,22.22597,5.473649,30.9401,3.21913,9.521853,7.508009,0.4212501,5.889236,11.6341,0.2928499,31.86649,25.28243,13.94275,141.9083,128.3132,384.4142
"22",22,0.005642381,0.01723632,0.003546264,0.09997424,0.09029424,0.2935614,0.2011771,0.0005771368,0.1606023,0.003089648,0.1828808,0.006130264,0.3143487,0.000233973,0.0009760517,0.002092085,0.06774636,0.01135617,0.1311712,0.0005421001,0.002689931,0.00245776,0.001507104,0.0006675112,0.004475015,0.0002388962,0.003621385,0.01089393,0.01565991,0.01613137,0.01663078,0.01069069,0.003694269,0.007278474,0.00202833,0.02627465,0.005682008,0.001193192,0.0213035,4.512979e-05,0.0005895083,0.04958634,0.02386875,0.03567189,0.02331786,2.444982,1.254897,0.6435387,0.374616,3.773624,0.4763381,0.3772416,0.5347159,1.543503,4.453475,2.216015,1.103417,0.751363,1.002308,1.094944,1.401605,9.081546,0.6893966,3.336441,5.762609,16.67339,24.06721,20.81491,5.029755,29.17417,3.143971,8.15294,6.424267,0.3671623,4.672856,10.17725,0.2890055,26.80667,20.83717,11.68239,119.873,112.5159,344.0935
"23",23,0.005570088,0.01761015,0.003635725,0.1005088,0.09064708,0.2966683,0.2038441,0.0005462183,0.1620221,0.002783807,0.1843758,0.006143176,0.3307607,0.000221175,0.0008760975,0.001919025,0.06773174,0.01073902,0.1291129,0.0005674732,0.00324457,0.003398462,0.001662155,0.0007123578,0.00458521,0.0002480549,0.003408206,0.0100032,0.01484547,0.01568163,0.01662385,0.01078885,0.003991434,0.007371844,0.001869501,0.02616657,0.005858242,0.001284477,0.02286083,4.05715e-05,0.0005643431,0.04804894,0.02390652,0.03686012,0.02253222,2.293188,1.158117,0.5919595,0.3560728,3.5134,0.4312175,0.376846,0.5301837,1.469759,4.164186,2.139214,0.9602392,0.7055595,1.051747,1.027985,1.270993,7.332916,0.6470869,3.105074,5.006669,17.07809,22.07088,19.28372,4.875952,25.30203,3.247332,8.756844,7.128875,0.3783846,3.646606,9.275777,0.2665293,28.99416,21.08303,11.72299,112.9528,106.8206,352.7354
"24",24,0.00549013,0.01795913,0.003696501,0.09994784,0.09154776,0.2971543,0.1999593,0.0005472015,0.1701396,0.002729004,0.1908602,0.005897019,0.3404084,0.000219845,0.000841364,0.001767369,0.06801647,0.01026554,0.129422,0.000460026,0.004295159,0.005034712,0.002733408,0.0009342875,0.004586369,0.0002499767,0.003389727,0.009876309,0.01402121,0.01491999,0.0166539,0.01059708,0.004182845,0.007343043,0.00175877,0.02550903,0.00592456,0.001352688,0.02378858,4.077036e-05,0.0005424453,0.04610154,0.02340515,0.03714328,0.02134817,2.087912,1.050463,0.5888481,0.3549396,3.335418,0.4205466,0.3742349,0.5156282,1.469307,4.226225,2.166954,0.918058,0.6927932,1.177122,1.009757,1.357367,6.628359,0.6510673,3.03698,5.108008,18.20994,21.84757,20.34921,5.036591,26.09986,3.25557,9.213971,7.345547,0.3956375,3.973221,9.728955,0.2663809,31.10214,23.12018,12.89222,116.8949,112.3278,360.2307
"25",25,0.005418176,0.01838219,0.003793547,0.1006759,0.0941641,0.3000712,0.2001301,0.0005555796,0.1735915,0.00284297,0.2017624,0.006060837,0.3628072,0.0002250256,0.0008473346,0.001782166,0.06957493,0.01072668,0.130366,0.0004640385,0.004238252,0.007577484,0.004230724,0.001616606,0.004831953,0.0002542955,0.003433793,0.01017307,0.01464525,0.01487689,0.01765967,0.01068459,0.004536205,0.007396731,0.001861803,0.02514597,0.00605811,0.001443429,0.02487544,4.041494e-05,0.0005275381,0.04616499,0.0243874,0.0356774,0.02136838,2.002024,1.040382,0.6208034,0.3632905,3.299788,0.4394561,0.3828625,0.5322245,1.539885,4.252735,2.233523,1.008977,0.7322385,1.402721,1.033333,1.480449,7.183497,0.773618,3.113175,5.357008,17.91044,22.88651,21.26206,5.038845,27.13977,3.321495,8.625546,6.975503,0.3846117,4.456403,9.913088,0.2808122,29.30895,21.77539,12.17228,117.7371,111.8957,353.6673
"26",26,0.005356576,0.0188843,0.003926829,0.1022263,0.09733849,0.3035678,0.204284,0.0005694675,0.1867869,0.002982495,0.2100889,0.006457793,0.403547,0.0002295006,0.0008332119,0.001885505,0.07117198,0.01053923,0.1268568,0.000469912,0.004233718,0.008169425,0.006684182,0.002387604,0.005432877,0.0002701052,0.003581959,0.01014434,0.01504698,0.01592575,0.01855152,0.01087968,0.005117741,0.007508143,0.00202639,0.02503953,0.006259651,0.001561369,0.02607068,3.649584e-05,0.0004887987,0.04699994,0.02575664,0.03447646,0.02187508,1.976777,1.064991,0.6346329,0.361281,3.261658,0.4482859,0.3963804,0.543961,1.577272,4.090022,2.249221,1.072032,0.7479971,1.657629,1.054364,1.527127,7.778773,0.8936841,3.163892,5.455635,18.61912,23.96974,22.15301,5.287416,29.40804,3.312243,8.824845,7.110827,0.3993714,5.404671,11.09145,0.3004634,30.27338,22.70206,12.71456,130.642,120.363,360.1073
"27",27,0.005295778,0.01945482,0.004084541,0.1034837,0.099233,0.3089353,0.2086806,0.000558603,0.1929374,0.002989241,0.2130672,0.006673629,0.4382788,0.0002170199,0.0008055602,0.001847034,0.0722305,0.01045096,0.126813,0.0004363074,0.004139133,0.008369898,0.007088126,0.003462878,0.006020707,0.0002663937,0.003633371,0.01034496,0.01476042,0.01630797,0.0186184,0.0109322,0.005755937,0.007606362,0.001962611,0.02514855,0.006444559,0.001677149,0.02690181,6.134588e-05,0.001690191,0.0473487,0.02684915,0.03508117,0.02239091,1.98745,1.104176,0.6271331,0.3640397,3.320167,0.4392444,0.407174,0.5429029,1.566004,3.922765,2.146355,1.101696,0.722406,1.939177,1.017834,1.442571,7.856113,0.9714355,3.109606,5.120588,17.65537,23.57114,20.24364,5.009211,27.12879,3.255214,9.195636,7.168846,0.3883093,4.01825,10.00552,0.2974361,30.39208,22.15064,12.70216,111.8893,114.1316,356.0461
"28",28,0.005233109,0.0200816,0.004236354,0.1026711,0.09939147,0.3137037,0.2060082,0.0005403722,0.1813523,0.002977733,0.218026,0.006479982,0.450619,0.0002152435,0.0007954105,0.001665469,0.07168134,0.01035112,0.1259256,0.0004150212,0.003530926,0.006705926,0.00565995,0.002843669,0.006420983,0.0002675999,0.00354895,0.0103073,0.01466832,0.01556059,0.01794636,0.01072932,0.006281998,0.007622865,0.001798276,0.02500483,0.006544254,0.001781345,0.02739701,0.000128113,0.004327499,0.04647192,0.02676952,0.03538093,0.02191515,1.905267,1.074051,0.5969615,0.362443,3.262799,0.415538,0.4122953,0.5406836,1.528739,3.99297,2.114371,1.039224,0.6769994,2.080318,0.9913424,1.428529,7.242399,0.9880641,2.934336,4.862209,16.34939,22.54949,19.20906,4.690682,24.97639,3.234474,8.274129,6.566093,0.3618002,3.903782,9.445901,0.286468,29.2401,20.77407,11.74102,111.2885,105.9411,329.6976
"29",29,0.005159621,0.02070614,0.004357479,0.102508,0.1000813,0.314664,0.1982186,0.0005410421,0.1794817,0.00290479,0.2270838,0.006240556,0.4455142,0.0002254095,0.0008091279,0.0015573,0.07094417,0.0104074,0.1222043,0.0005052552,0.003393725,0.006022075,0.00504569,0.002397419,0.00641373,0.0002677552,0.003589758,0.0105513,0.01517663,0.01571981,0.01721855,0.01031535,0.006550018,0.007524725,0.001766592,0.02446423,0.006488233,0.00182905,0.02750216,0.0001328944,0.006529385,0.0459782,0.0261285,0.03383804,0.0212407,1.847432,1.039261,0.5979728,0.3581372,3.218004,0.420063,0.4201806,0.51625,1.522817,3.966142,2.172577,0.9767774,0.6628101,2.160357,0.9988564,1.510003,7.433773,0.9701973,2.890266,5.042779,18.72041,22.93866,20.95689,5.221747,28.10134,3.178973,9.199991,7.333868,0.4063427,5.111967,10.42281,0.2962036,32.48232,23.47328,12.94905,130.3375,118.0078,369.7847
"30",30,0.005089833,0.02139346,0.004502275,0.1044457,0.1026655,0.3205119,0.1981275,0.000544297,0.1780608,0.002947968,0.2427158,0.006550185,0.4592083,0.0002247241,0.0008266266,0.001625298,0.07257915,0.01109945,0.1244805,0.0005095872,0.004273293,0.007392013,0.005741028,0.002678414,0.006700728,0.0002623563,0.003709373,0.01088271,0.01602782,0.01695525,0.02068232,0.01056751,0.006787393,0.007564941,0.001993312,0.02442403,0.006484529,0.001870119,0.02774635,0.0001657381,0.008951222,0.04744185,0.0269407,0.03392835,0.0221898,1.921971,1.105526,0.6341903,0.3751785,3.42582,0.4531866,0.4390742,0.519914,1.576896,4.023123,2.212814,1.078091,0.6998236,2.324149,1.027832,1.580938,8.444309,1.073395,2.997895,5.382036,18.2741,24.38074,21.99962,5.341816,30.50581,3.220475,9.057611,7.055135,0.4065902,5.56396,11.31829,0.3149995,31.19223,23.98331,13.24797,133.9422,123.19,365.5637
"31",31,0.00503415,0.02213601,0.00466648,0.107092,0.1059746,0.3275979,0.202667,0.0005375136,0.1739786,0.002963964,0.2538586,0.007108939,0.4908523,0.0002263403,0.0008022318,0.001748512,0.07400924,0.01130623,0.1298982,0.0004491587,0.004372184,0.008271114,0.006402414,0.002877463,0.007224802,0.0003059704,0.00382757,0.01095996,0.01612456,0.01783903,0.0255257,0.01134614,0.007154834,0.00771483,0.002307982,0.02480033,0.006589436,0.001957207,0.02816607,0.0002134568,0.01194711,0.04900803,0.02771945,0.03484277,0.02353379,2.014989,1.17716,0.6279318,0.3812268,3.514377,0.4590505,0.4631323,0.5422152,1.579944,4.025088,2.168944,1.113699,0.7111666,2.410445,1.015236,1.49853,8.877987,1.137308,2.964067,5.229965,17.42143,24.69477,21.1729,5.213634,30.12062,3.334532,8.933429,7.059486,0.3967662,5.162573,10.48868,0.318367,30.0355,23.10785,12.72895,128.9297,118.3175,367.541
"32",32,0.004986256,0.02288644,0.004814483,0.1084079,0.106598,0.3346244,0.2016387,0.0005456053,0.1771089,0.002933446,0.2609072,0.00734394,0.5176262,0.000223921,0.0007676891,0.001666062,0.07445273,0.01099161,0.1303607,0.0004327242,0.00357808,0.007096665,0.005491933,0.002363624,0.007179907,0.0003598119,0.004273576,0.01124196,0.01592885,0.0175397,0.02799404,0.01176461,0.00748171,0.007777136,0.002253704,0.02502241,0.00666421,0.00205615,0.02850818,0.0001923256,0.01324709,0.05033489,0.02815865,0.03622804,0.02423852,2.036647,1.198174,0.6095721,0.3811207,3.518059,0.457144,0.482721,0.5460177,1.557353,3.966243,2.164464,1.144779,0.7019261,2.513854,1.015109,1.477999,8.965937,1.173698,2.888565,5.237804,17.50667,24.90952,21.376,5.277559,29.71162,3.340742,8.654997,6.887323,0.394206,5.39629,11.21701,0.3263798,30.6859,22.85334,12.61195,135.6034,120.5947,360.9448
"33",33,0.004935835,0.02360935,0.004942977,0.1091514,0.1061509,0.3409261,0.1979419,0.0005326688,0.1760374,0.00290181,0.2586022,0.007260153,0.5245798,0.0002115623,0.0007541099,0.001504792,0.07405891,0.01101802,0.1317055,0.0004541794,0.003952489,0.007315618,0.005624695,0.002513149,0.007341882,0.0003699199,0.004366136,0.01233808,0.01632599,0.01726324,0.02840885,0.0119785,0.007686641,0.0077899,0.002113961,0.02538055,0.006691223,0.002127343,0.02860775,0.0001986347,0.01465661,0.05079967,0.02851122,0.03755806,0.02451658,2.022417,1.209351,0.590077,0.3817059,3.514482,0.4484406,0.4934805,0.5345222,1.52157,3.842587,2.083292,1.152613,0.6703813,2.521677,0.973992,1.40188,8.682181,1.168727,2.780113,4.955519,16.9526,24.07897,20.00716,5.106629,27.88689,3.277782,9.242879,7.17757,0.3933367,4.240967,10.29368,0.317596,31.16905,23.78477,13.2057,118.5725,115.9916,361.417
"34",34,0.004884069,0.0242903,0.005043422,0.1098533,0.1064447,0.3432456,0.1964387,0.0005312914,0.1675685,0.002862198,0.2538615,0.007031208,0.5156117,0.0002211973,0.0007532936,0.001411787,0.07441658,0.0109764,0.1364276,0.0003942157,0.003470973,0.00723635,0.005537944,0.00236145,0.007444665,0.0003842748,0.004332601,0.01275448,0.01808254,0.01755261,0.02818227,0.01207276,0.007862997,0.007767601,0.002066731,0.02544524,0.006694712,0.002185649,0.02857881,0.0001967589,0.01527952,0.05033435,0.0282829,0.03727852,0.02421512,1.972957,1.185297,0.5860748,0.3875827,3.444489,0.4468248,0.4959228,0.5402339,1.521358,3.816741,2.153651,1.133661,0.6882614,2.526174,0.9877045,1.447253,8.275182,1.171681,2.750391,4.950176,16.78307,24.00147,20.73743,5.069823,28.04647,3.364919,8.59328,6.86115,0.3847293,4.803154,10.38739,0.3185093,30.05044,22.38876,12.39389,124.028,114.7723,350.4166
